GNRMC,213657.80,A,4220.3192625,N,07105.1751581,W,0.06,,011019,,,A*4F

$GNGGA,213657.80,4220.3192625,N,07105.1751581,W,1,17,0.6,17.392,M,-28.724,M,0.0,*5B

$GPGSA,A,3,10,12,14,15,20,21,24,32,,,,,1.9,1.2,1.5*38

$GLGSA,A,3,65,71,72,73,87,88,,,,,,,3.9,2.1,3.3*2C

$GAGSA,A,3,04,19,21,,,,,,,,,,0.0,0.0,0.0*2C

$GPGSV,2,1,08,10,67,313,50,12,18,117,44,14,15,261,40,15,23,076,43,1*65

$GPGSV,2,2,08,20,81,153,45,21,28,201,39,24,57,065,51,32,37,272,49,1*6D

$GLGSV,2,1,06,65,18,301,39,71,49,070,48,72,55,335,42,73,53,077,48,1*77

$GLGSV,2,2,06,87,26,269,47,88,21,319,36,,,,,,,,,1*76

$GAGSV,1,1,03,04,45,291,46,19,66,054,42,21,41,104,44,,,,,7*41

$GNGST,213657.80,1.078,,,,1.556,3.299,4.227*60

$GNVTG,,T,,M,0.06,N,0.11,K,A*3B

$GNRMC,213658.00,A,4220.3195913,N,07105.1752578,W,0.01,,011019,,,A*47

$GNGGA,213658.00,4220.3195913,N,07105.1752578,W,1,17,0.6,17.387,M,-28.724,M,0.0,*50

$GPGSA,A,3,10,12,14,15,20,21,24,32,,,,,1.9,1.2,1.5*38

$GLGSA,A,3,65,71,72,73,87,88,,,,,,,3.9,2.1,3.3*2C

$GAGSA,A,3,04,19,21,,,,,,,,,,0.0,0.0,0.0*2C

$GPGSV,2,1,08,10,67,313,50,12,18,117,44,14,15,261,40,15,23,076,43,1*65

$GPGSV,2,2,08,20,81,153,45,21,28,201,39,24,57,065,51,32,37,272,49,1*6D

$GLGSV,2,1,06,65,18,301,39,71,49,070,48,72,55,335,42,73,53,077,48,1*77

$GLGSV,2,2,06,87,26,269,47,88,21,319,37,,,,,,,,,1*77

$GAGSV,1,1,03,04,45,291,46,19,66,054,42,21,41,104,44,,,,,7*41

$GNGST,213658.00,1.025,,,,1.556,3.299,4.227*6F

$GNVTG,,T,,M,0.01,N,0.02,K,A*3E

$GNRMC,213658.20,A,4220.3193477,N,07105.1753880,W,0.08,,011019,,,A*4E

$GNGGA,213658.20,4220.3193477,N,07105.1753880,W,1,17,0.6,17.757,M,-28.724,M,0.0,*59

$GPGSA,A,3,10,12,14,15,20,21,24,32,,,,,1.9,1.2,1.5*38

$GLGSA,A,3,65,71,72,73,87,88,,,,,,,3.9,2.1,3.3*2C

$GAGSA,A,3,04,19,21,,,,,,,,,,0.0,0.0,0.0*2C

$GPGSV,2,1,08,10,67,313,50,12,18,117,44,14,15,261,40,15,23,076,43,1*65

$GPGSV,2,2,08,20,81,153,45,21,28,201,39,24,57,065,51,32,37,272,49,1*6D

$GLGSV,2,1,06,65,18,301,39,71,49,070,48,72,55,335,42,73,53,077,48,1*77

$GLGSV,2,2,06,87,26,269,46,88,21,319,37,,,,,,,,,1*76

$GAGSV,1,1,03,04,45,291,46,19,66,054,42,21,41,104,44,,,,,7*41

$GNGST,213658.20,0.994,,,,1.556,3.299,4.227*6F

$GNVTG,,T,,M,0.08,N,0.14,K,A*30

$GNRMC,213658.40,A,4220.3193156,N,07105.1753147,W,0.02,,011019,,,A*46

$GNGGA,213658.40,4220.3193156,N,07105.1753147,W,1,17,0.6,17.322,M,-28.724,M,0.0,*5D

$GPGSA,A,3,10,12,14,15,20,21,24,32,,,,,1.9,1.2,1.5*38

$GLGSA,A,3,65,71,72,73,87,88,,,,,,,3.9,2.1,3.3*2C

$GAGSA,A,3,04,19,21,,,,,,,,,,0.0,0.0,0.0*2C

$GPGSV,2,1,08,10,67,313,50,12,18,117,44,14,15,261,40,15,23,076,43,1*65

$GPGSV,2,2,08,20,81,153,45,21,28,201,39,24,57,065,51,32,37,272,49,1*6D

$GLGSV,2,1,06,65,18,301,39,71,49,070,48,72,55,335,42,73,53,077,48,1*77

$GLGSV,2,2,06,87,26,269,46,88,21,319,37,,,,,,,,,1*76

$GAGSV,1,1,03,04,45,291,46,19,66,054,42,21,41,104,44,,,,,7*41

$GNGST,213658.40,0.994,,,,1.556,3.299,4.227*69

$GNVTG,,T,,M,0.02,N,0.03,K,A*3C

$GNRMC,213658.60,A,4220.3188641,N,07105.1753600,W,0.03,,011019,,,A*4A

$GNGGA,213658.60,4220.3188641,N,07105.1753600,W,1,17,0.6,17.179,M,-28.724,M,0.0,*5C

$GPGSA,A,3,10,12,14,15,20,21,24,32,,,,,1.9,1.2,1.5*38

$GLGSA,A,3,65,71,72,73,87,88,,,,,,,3.9,2.1,3.3*2C

$GAGSA,A,3,04,19,21,,,,,,,,,,0.0,0.0,0.0*2C

$GPGSV,2,1,08,10,67,313,50,12,18,117,44,14,15,261,40,15,23,076,43,1*65

$GPGSV,2,2,08,20,81,153,45,21,28,201,39,24,57,065,51,32,37,272,49,1*6D

$GLGSV,2,1,06,65,18,301,39,71,49,070,48,72,55,335,42,73,53,077,48,1*77

$GLGSV,2,2,06,87,26,269,46,88,21,319,37,,,,,,,,,1*76

$GAGSV,1,1,03,04,45,291,46,19,66,054,42,21,41,104,44,,,,,7*41

$GNGST,213658.60,1.023,,,,1.556,3.299,4.227*6F

$GNVTG,,T,,M,0.03,N,0.06,K,A*38

$GNRMC,213658.80,A,4220.3190434,N,07105.1752992,W,0.02,,011019,,,A*49

$GNGGA,213658.80,4220.3190434,N,07105.1752992,W,1,17,0.6,17.440,M,-28.724,M,0.0,*51

$GPGSA,A,3,10,12,14,15,20,21,24,32,,,,,1.9,1.2,1.5*38

$GLGSA,A,3,65,71,72,73,87,88,,,,,,,3.9,2.1,3.3*2C

$GAGSA,A,3,04,19,21,,,,,,,,,,0.0,0.0,0.0*2C

$GPGSV,2,1,08,10,67,313,50,12,18,117,44,14,15,261,40,15,23,076,43,1*65

$GPGSV,2,2,08,20,81,153,45,21,28,201,39,24,57,065,51,32,37,272,49,1*6D

$GLGSV,2,1,06,65,18,301,39,71,49,070,48,72,55,335,42,73,53,077,48,1*77

$GLGSV,2,2,06,87,26,269,46,88,21,319,36,,,,,,,,,1*77

$GAGSV,1,1,03,04,45,291,46,19,66,054,42,21,41,104,44,,,,,7*41

$GNGST,213658.80,1.074,,,,1.556,3.299,4.227*63

$GNVTG,,T,,M,0.02,N,0.03,K,A*3C

$GNRMC,213659.00,A,4220.3190657,N,07105.1751927,W,0.06,,011019,,,A*4E

$GNGGA,213659.00,4220.3190657,N,07105.1751927,W,1,17,0.6,16.644,M,-28.724,M,0.0,*55

$GPGSA,A,3,10,12,14,15,20,21,24,32,,,,,1.9,1.2,1.5*38

$GLGSA,A,3,65,71,72,73,87,88,,,,,,,3.9,2.1,3.3*2C

$GAGSA,A,3,04,19,21,,,,,,,,,,0.0,0.0,0.0*2C

$GPGSV,2,1,08,10,67,313,50,12,18,117,44,14,15,261,40,15,23,076,43,1*65

$GPGSV,2,2,08,20,81,153,45,21,28,201,39,24,57,065,51,32,37,272,49,1*6D

$GLGSV,2,1,06,65,18,301,39,71,49,070,48,72,55,335,42,73,53,077,48,1*77

$GLGSV,2,2,06,87,26,269,46,88,21,319,36,,,,,,,,,1*77

$GAGSV,1,1,03,04,45,291,46,19,66,054,42,21,41,104,44,,,,,7*41

$GNGST,213659.00,1.094,,,,1.556,3.299,4.227*64

$GNVTG,,T,,M,0.06,N,0.11,K,A*3B

$GNRMC,213659.20,A,4220.3190747,N,07105.1751820,W,0.01,,011019,,,A*4D

$GNGGA,213659.20,4220.3190747,N,07105.1751820,W,1,17,0.6,16.686,M,-28.724,M,0.0,*5F

$GPGSA,A,3,10,12,14,15,20,21,24,32,,,,,1.9,1.2,1.5*38

$GLGSA,A,3,65,71,72,73,87,88,,,,,,,3.9,2.1,3.3*2C

$GAGSA,A,3,04,19,21,,,,,,,,,,0.0,0.0,0.0*2C

$GPGSV,2,1,08,10,67,313,50,12,18,117,44,14,15,261,40,15,23,076,43,1*65

$GPGSV,2,2,08,20,81,153,45,21,28,201,39,24,57,065,51,32,37,272,49,1*6D

$GLGSV,2,1,06,65,18,301,39,71,49,070,48,72,55,335,42,73,53,077,48,1*77

$GLGSV,2,2,06,87,26,269,46,88,21,319,36,,,,,,,,,1*77

$GAGSV,1,1,03,04,45,291,46,19,66,054,42,21,41,104,44,,,,,7*41

$GNGST,213659.20,1.119,,,,1.556,3.299,4.227*62

$GNVTG,,T,,M,0.01,N,0.03,K,A*3F

$GNRMC,213659.40,A,4220.3191686,N,07105.1751988,W,0.03,,011019,,,A*47

$GNGGA,213659.40,4220.3191686,N,07105.1751988,W,1,17,0.6,16.731,M,-28.724,M,0.0,*5A

$GPGSA,A,3,10,12,14,15,20,21,24,32,,,,,1.9,1.2,1.5*38

$GLGSA,A,3,65,71,72,73,87,88,,,,,,,3.9,2.1,3.3*2C

$GAGSA,A,3,04,19,21,,,,,,,,,,0.0,0.0,0.0*2C

$GPGSV,2,1,08,10,67,313,50,12,18,117,44,14,15,261,40,15,23,076,43,1*65

$GPGSV,2,2,08,20,81,153,45,21,28,201,39,24,57,065,51,32,37,272,49,1*6D

$GLGSV,2,1,06,65,18,301,39,71,49,070,48,72,55,335,42,73,53,077,48,1*77

$GLGSV,2,2,06,87,26,269,46,88,21,319,36,,,,,,,,,1*77

$GAGSV,1,1,03,04,45,291,46,19,66,054,42,21,41,104,44,,,,,7*41

$GNGST,213659.40,1.076,,,,1.556,3.299,4.227*6C

$GNVTG,,T,,M,0.03,N,0.06,K,A*38

